lr=1.0000e-02, mom=0.5000, eta=5.0000, lam=5.0000
epoch = 0, loss = 11954058.9636322856
epoch = 10, loss = 14641299.0170411319
epoch = 20, loss = 15039057.4143284392
epoch = 30, loss = 15061152.2507271972
epoch = 39, loss = 15060597.8781932611
