lr=1.0000e-01, mom=0.5000, eta=5.0000, lam=5.0000
epoch = 0, loss = 10132203.6503340844
epoch = 10, loss = 13879050.3846391793
epoch = 20, loss = 13883524.9506055377
epoch = 30, loss = 14255455.1352722161
epoch = 40, loss = 14255455.1389960945
epoch = 50, loss = 14255455.1389988884
epoch = 59, loss = 14255455.1389982197
