lr=1.0000e-04, mom=0.5000, eta=5.0000, lam=5.0000
epoch = 0, loss = 9704395.5361991860
epoch = 10, loss = 10574332.4892302211
epoch = 20, loss = 10578485.7558402140
epoch = 30, loss = 10578537.3852302544
epoch = 39, loss = 10578537.3844774086
