lr=1.0000e-05, mom=0.5000, eta=5.0000, lam=5.0000
epoch = 0, loss = 12487814.7244976666
epoch = 10, loss = 13554278.6895393711
epoch = 19, loss = 13554312.1094673946
