lr=1.0000e-03, mom=0.5000, eta=5.0000, lam=5.0000
epoch = 0, loss = 10090316.0089232419
epoch = 10, loss = 12131295.1700920016
epoch = 20, loss = 12131310.5254345834
epoch = 30, loss = 12131310.5410036854
epoch = 40, loss = 12131310.5408889465
epoch = 50, loss = 12131310.5407797024
epoch = 59, loss = 12131310.5406952575
