lr=1.0000e-01, mom=0.5000, eta=5.0000, lam=5.0000
epoch = 0, loss = 10760797.7639263663
epoch = 10, loss = 21911030.1045907363
epoch = 20, loss = 22347449.8363292664
epoch = 30, loss = 22724047.0323785692
epoch = 39, loss = 22724047.0412359908
