lr=1.0000e-03, mom=0.5000, eta=5.0000, lam=5.0000
epoch = 0, loss = 9795802.1826946009
epoch = 10, loss = 12312002.4697757289
epoch = 19, loss = 12312351.7563346103
