lr=1.0000e-01, mom=0.5000, eta=5.0000, lam=5.0000
epoch = 0, loss = 7958708.5840667076
epoch = 10, loss = 25123298.5115321241
epoch = 19, loss = 25136051.6376862600
