lr=1.0000e-05, mom=0.5000, eta=5.0000, lam=5.0000
epoch = 0, loss = 9808714.7408214007
epoch = 10, loss = 10170790.6752874311
epoch = 20, loss = 10142351.6190143116
epoch = 30, loss = 10141340.4427333511
epoch = 40, loss = 10142358.6022062562
epoch = 50, loss = 10142358.5493104495
epoch = 59, loss = 10142358.4890355002
