lr=1.0000e-05, mom=0.5000, eta=5.0000, lam=5.0000
epoch = 0, loss = 9305946.8753767628
epoch = 10, loss = 10185855.3931788653
epoch = 20, loss = 10187167.4435521234
epoch = 30, loss = 10187167.2911439314
epoch = 39, loss = 10187167.1806589048
