lr=1.0000e-02, mom=0.5000, eta=5.0000, lam=5.0000
epoch = 0, loss = 8484815.1513385717
epoch = 10, loss = 12315324.7577395812
epoch = 19, loss = 12354587.6351351719
