lr=1.0000e-04, mom=0.5000, eta=5.0000, lam=5.0000
epoch = 0, loss = 10457505.6757416092
epoch = 10, loss = 10518664.9308082350
epoch = 20, loss = 10518665.9355693758
epoch = 30, loss = 10518665.9248264953
epoch = 40, loss = 10518665.9176434241
epoch = 50, loss = 10518665.9126945101
epoch = 59, loss = 10518665.9093640391
