lr=1.0000e-03, mom=0.5000, eta=5.0000, lam=5.0000
epoch = 0, loss = 11506847.2046093829
epoch = 10, loss = 13537930.8643640690
epoch = 20, loss = 13537943.4185662530
epoch = 30, loss = 13537943.4307310004
epoch = 39, loss = 13537943.4306147061
