lr=1.0000e-04, mom=0.5000, eta=5.0000, lam=5.0000
epoch = 0, loss = 12702287.5989234690
epoch = 10, loss = 13872706.2985747568
epoch = 19, loss = 13872949.5953587927
