lr=1.0000e-02, mom=0.5000, eta=5.0000, lam=5.0000
epoch = 0, loss = 10621789.5062300246
epoch = 10, loss = 15025580.0221153498
epoch = 20, loss = 15401794.0948927198
epoch = 30, loss = 15401797.6065954752
epoch = 40, loss = 15401797.6100056954
epoch = 50, loss = 15401797.6099904049
epoch = 59, loss = 15401797.6099737193
